loading 19 points
  0.000000 1
  0.000000 0
1365.650327 1
1496.570964 0
2700.073222 1
3053.690891 0
3161.007696 1
3249.705329 0
3369.190569 1
3531.192031 0
3662.259276 1
3732.044521 0
4470.507290 1
4571.080143 0
4908.717577 1
5009.437038 0
5415.686856 1
5629.880643 0
5651.725184 2
         white_0 = 3632.000000
         white_1 = 3109.000000
         white_2 = 3721.000000
         white_3 = 3763.000000
         white_4 = 3745.000000
         white_5 = 3779.000000
         black_0 = 1267.000000
         black_1 = 1048.000000
         black_2 = 1110.000000
         black_3 = 1322.000000
         black_4 = 1436.000000
         black_5 = 1676.000000
           alpha = 0.000000
          gain_0 = 1.000000
          gain_1 = 5.000000
          gain_2 = 25.000000
           speed = 5.000000
              kp = 1.000000
              ki = 0.000000
              kd = 25.000000
      servo_lock = 0.700000
    servo_unlock = 0.200000
              sp = 0.300000
              si = 0.008000
              sd = 0.000000
              sa = 0.900000
            slip = 1.000000
            lmin = 0.950000
       arc_speed = 2.000000
      turn_speed = 2.000000
       home_mean = 0.100000
        home_var = 0.050000
     target_mean = 0.700000
      target_var = 0.200000
     record_mean = 1.000000
      record_var = 1.000000
    record_speed = 4.000000
  compass_cal_v1 = -229.123780
  compass_cal_w0 = 0.001964
  compass_cal_w1 = -0.001071
  compass_cal_w2 = 0.000000
  compass_cal_w3 = 0.000930
              ap = 10.000000
              ai = 0.000000
              ad = 1.000000
      wheel_dist = 118.000000
        turnback = 200.000000
          backin = -200.000000
          backup = -100.000000
           push1 = 55.000000
           push2 = 50.000000
      push_speed = 2.000000
          target = -45.000000
      arc_radius = 60.000000
      speed_rise = 0.200000
      speed_fall = 0.050000
     fast_offset = 130.000000
     slow_offset = -300.000000
   finish_offset = 0.000000
      speed_fast = 2.000000
      speed_slow = 1.400000
    speed_finish = 0.500000
